p00001
1
50
50
p00001
2
50
50
p00001
3
50
50
p00001
4
50
50
p00001
5
50
50
p00001
6
50
50
p00001
7
50
50
p00001
8
51
49
p00001
9
54
46
p00001
10
55
45
p00001
11
57
43
p00001
12
58
42
p00001
13
60
40
p00001
14
62
38
p00001
15
63
37
p00001
16
65
35
p00001
17
63
37
p00001
18
66
34
p00001
19
67
33
p00001
20
70
30
p00001
21
72
28
p00001
22
76
24
p00001
23
78
22
p00001
24
79
21
p00001
25
81
19
p00001
26
83
17
p00001
27
86
14
p00001
28
87
13
p00001
29
89
11
p00001
30
90
10
p00001
31
86
14
p00001
32
83
17
p00001
33
80
20
p00001
34
74
26
p00001
35
69
31
p00001
36
65
35
p00001
37
62
38
p00001
38
55
45
p00001
39
51
49
p00001
40
45
55
p00001
41
40
60
p00001
42
36
64
p00001
43
31
69
p00001
44
27
73
p00001
45
25
75
p00001
46
22
78
p00001
47
20
80
p00001
48
16
84
p00001
49
13
87
p00001
50
10
90