T20170613163502
01
163502000
50
50
T20170613163502
02
163502500
58
42
T20170613163502
03
163503000
65
35
T20170613163502
04
163503500
71
29
T20170613163502
05
163504000
80
20
T20170613163502
06
163504500
86
14
T20170613163502
07
163505000
70
30
T20170613163502
08
163505500
48
52
T20170613163502
09
163506000
32
68
T20170613163502
10
163506500
12
88
T20170613163502
11
163507000
49
51
T20170613163502
12
163508000
55
45
T20170613163502
13
163508500
68
32
T20170613163502
14
163509000
72
28
T20170613163502
15
163509500
78
22
T20170613163502
16
163510000
85
15
T20170613163502
17
163510500
75
25
T20170613163502
18
163511000
50
50
T20170613163502
19
163511500
35
65
T20170613163502
20
163512000
10
90
T20170613163502
21
163512500
48
52
T20170613163502
22
163513000
55
45
T20170613163502
23
163513500
70
30
T20170613163502
24
163514000
72
28
T20170613163502
25
163514500
81
19
T20170613163502
26
163515000
88
12
T20170613163502
27
163515500
69
31
T20170613163502
28
163516000
50
50
T20170613163502
29
163516500
30
70
T20170613163502
30
163517000
8
92
T20170613163502
31
163517500
54
46
T20170613163502
32
163518000
60
40
T20170613163502
33
163518500
65
35
T20170613163502
34
163519000
73
27
T20170613163502
35
163519500
82
18
T20170613163502
36
163520000
87
13
T20170613163502
37
163520500
70
30
T20170613163502
38
163521000
44
56
T20170613163502
39
163521500
29
71
T20170613163502
40
163522000
13
87
T20170613163502
41
163522500
52
48
T20170613163502
42
163523000
61
39
T20170613163502
43
163523500
63
37
T20170613163502
44
163524000
73
27
T20170613163502
45
163524500
85
15
T20170613163502
46
163525000
90
10
T20170613163502
47
163525500
84
16
T20170613163502
48
163526000
57
43
T20170613163502
49
163526500
30
70
T20170613163502
50
163527000
15
85