T20170614163502
1
163502000
50
50
T20170614163502
2
163502100
49
51
T20170614163502
3
163502000
48
52
T20170614163502
4
163502100
46
54
T20170614163502
5
163502000
50
50
T20170614163502
6
163502100
51
49
T20170614163502
7
163502000
50
50
T20170614163502
8
163502100
54
46
T20170614163502
9
163502000
57
43
T20170614163502
10
163502100
58
42
T20170614163502
11
163502000
59
41
T20170614163502
12
163502100
63
37
T20170614163502
13
163502000
63
37
T20170614163502
14
163502100
64
36
T20170614163502
15
163502000
65
35
T20170614163502
16
163502100
67
33
T20170614163502
17
163502000
62
38
T20170614163502
18
163502100
69
31
T20170614163502
19
163502000
70
30
T20170614163502
20
163502100
70
30
T20170614163502
21
163502000
72
28
T20170614163502
22
163502100
73
27
T20170614163502
23
163502000
78
22
T20170614163502
24
163502100
79
21
T20170614163502
25
163502000
80
20
T20170614163502
26
163502100
81
19
T20170614163502
27
163502000
82
18
T20170614163502
28
163502100
84
16
T20170614163502
29
163502000
85
15
T20170614163502
30
163502100
86
14
T20170614163502
31
163502000
83
17
T20170614163502
32
163502100
81
19
T20170614163502
33
163502000
79
21
T20170614163502
34
163502100
78
22
T20170614163502
35
163502000
70
30
T20170614163502
36
163502100
65
35
T20170614163502
37
163502000
61
39
T20170614163502
38
163502100
59
41
T20170614163502
39
163502000
52
48
T20170614163502
40
163502100
48
52
T20170614163502
41
163502000
45
55
T20170614163502
42
163502100
42
58
T20170614163502
43
163502000
40
60
T20170614163502
44
163502100
37
63
T20170614163502
45
163502000
32
68
T20170614163502
46
163502100
25
75
T20170614163502
47
163502000
28
72
T20170614163502
48
163502100
20
80
T20170614163502
49
163502000
16
84
T20170614163502
50
163502100
12
88