T20170616092220
01
092220000
50
50
T20170616092220
02
092220100
47
53
T20170616092220
03
092220200
50
50
T20170616092220
04
092220300
52
48
T20170616092220
05
092220400
50
50
T20170616092220
06
092220500
54
46
T20170616092220
07
092220600
59
41
T20170616092220
08
092220700
65
35
T20170616092220
09
092220800
58
42
T20170616092220
10
092220900
61
39
T20170616092220
11
092221000
64
36
T20170616092220
12
092221100
66
34
T20170616092220
13
092221200
70
30
T20170616092220
14
092221300
68
32
T20170616092220
15
092221400
72
38
T20170616092220
16
092221500
67
33
T20170616092220
17
092221600
70
30
T20170616092220
18
092221700
73
27
T20170616092220
19
092221800
70
30
T20170616092220
20
092221900
73
27
T20170616092220
21
092222000
69
31
T20170616092220
22
092222100
74
26
T20170616092220
23
092222200
76
24
T20170616092220
24
092222300
77
23
T20170616092220
25
092222400
80
20
T20170616092220
26
092222500
84
26
T20170616092220
27
092222600
82
18
T20170616092220
28
092222700
88
12
T20170616092220
29
092222800
92
8
T20170616092220
30
092222900
88
12
T20170616092220
31
092223000
95
5
T20170616092220
32
092223100
90
10
T20170616092220
33
092223200
87
13
T20170616092220
34
092223300
82
18
T20170616092220
35
092223400
78
22
T20170616092220
36
092223500
74
26
T20170616092220
37
092223600
70
30
T20170616092220
38
092223700
66
34
T20170616092220
39
092223800
62
38
T20170616092220
40
092223900
54
46
T20170616092220
41
092224000
52
48
T20170616092220
42
092224100
47
53
T20170616092220
43
092224200
41
59
T20170616092220
44
092224300
38
62
T20170616092220
45
092224400
35
65
T20170616092220
46
092224500
29
71
T20170616092220
47
092224600
25
75
T20170616092220
48
092224700
21
79
T20170616092220
49
092224800
16
84
T20170616092220
50
092224900
12
88