01
50
50
02
47
53
03
50
50
04
52
48
05
50
50
06
54
46
07
59
41
08
65
35
09
58
42
10
61
39
11
64
36
12
66
34
13
70
30
14
68
32
15
72
38
16
67
33
17
70
30
18
73
27
19
70
30
20
73
27
21
69
31
22
74
26
23
76
24
24
77
23
25
80
20
26
84
26
27
82
18
28
88
12
29
92
8
30
88
12
31
95
5
32
90
10
33
87
13
34
82
18
35
78
22
36
74
26
37
70
30
38
66
34
39
62
38
40
54
46
41
52
48
42
47
53
43
41
59
44
38
62
45
35
65
46
29
71
47
25
75
48
21
79
49
16
84
50
12
88