T20170616092112
01
092112000
50
50
T20170616092112
02
092112100
54
46
T20170616092112
03
092112200
56
44
T20170616092112
04
092112300
57
43
T20170616092112
05
092112400
58
42
T20170616092112
06
092112500
54
46
T20170616092112
07
092112600
58
42
T20170616092112
08
092112700
60
40
T20170616092112
09
092112800
58
42
T20170616092112
10
092112900
61
39
T20170616092112
11
092113000
63
37
T20170616092112
12
092113100
66
34
T20170616092112
13
092113200
70
30
T20170616092112
14
092113300
68
32
T20170616092112
15
092113400
65
35
T20170616092112
16
092113500
67
33
T20170616092112
17
092113600
70
30
T20170616092112
18
092113700
69
31
T20170616092112
19
092113800
70
30
T20170616092112
20
092113900
70
30
T20170616092112
21
092114000
73
27
T20170616092112
22
092114100
71
29
T20170616092112
23
092114200
74
26
T20170616092112
24
092114300
77
23
T20170616092112
25
092114400
78
22
T20170616092112
26
092114500
80
20
T20170616092112
27
092114600
82
18
T20170616092112
28
092114700
81
19
T20170616092112
29
092114800
85
15
T20170616092112
30
092114900
88
12
T20170616092112
31
092115000
90
10
T20170616092112
32
092115100
86
14
T20170616092112
33
092115200
81
19
T20170616092112
34
092115300
78
22
T20170616092112
35
092115400
73
27
T20170616092112
36
092115500
68
32
T20170616092112
37
092115600
63
37
T20170616092112
38
092115700
59
41
T20170616092112
39
092115800
54
46
T20170616092112
40
092115900
50
50
T20170616092112
41
092116000
45
55
T20170616092112
42
092116100
42
58
T20170616092112
43
092116200
39
61
T20170616092112
44
092116300
33
67
T20170616092112
45
092116400
35
65
T20170616092112
46
092116500
29
71
T20170616092112
47
092116600
25
75
T20170616092112
48
092116700
21
79
T20170616092112
49
092116800
16
84
T20170616092112
50
092116900
12
88