T20170614163037
1
163037000
50
50
T20170614163037
2
163037100
50
50
T20170614163037
3
163037200
50
50 
T20170614163037
4
163037300
50
50 
T20170614163037
5
163037400
51
49
T20170614163037
6
163037500
53
47
T20170614163037
7
163037600
54
46
T20170614163037
8
163037700
56
44
T20170614163037
9
163037800
57
43
T20170614163037
10
163037900
57
43
T20170614163037
11
163038000
57
43
T20170614163037
12
163038100
58
42
T20170614163037
13
163038200
60
40 
T20170614163037
14
163038300
62
38 
T20170614163037
15
163038400
63
37
T20170614163037
16
163038500
64
36
T20170614163037
17
163038600
65
35
T20170614163037
18
163038700
66
34
T20170614163037
19
163038800
68
32
T20170614163037
20
163038900
70
30
T20170614163037
21
163039000
70
30
T20170614163037
22
163039100
72
27
T20170614163037
23
163039200
75
25 
T20170614163037
24
163039300
77
23 
T20170614163037
25
163039400
78
22
T20170614163037
26
163039500
81
19
T20170614163037
27
163039600
83
17
T20170614163037
28
163039700
84
16
T20170614163037
29
163039800
86
14
T20170614163037
30
163039900
87
13
T20170614163037
31
163040000
82
18
T20170614163037
32
163040100
80
20
T20170614163037
33
163040200
76
24
T20170614163037
34
163040300
73
27
T20170614163037
35
163040400
68
32
T20170614163037
36
163040500
62
38
T20170614163037
37
163040600
60
40
T20170614163037
38
163040700
63
37
T20170614163037
39
163040800
67
23
T20170614163037
40
163040900
50
50
T20170614163037
41
163041000
47
53
T20170614163037
42
163041100
41
59
T20170614163037
43
163041200
38
62 
T20170614163037
44
163041300
34
66 
T20170614163037
45
163041400
31
69
T20170614163037
46
163041500
27
73
T20170614163037
47
163041600
25
75
T20170614163037
48
163041700
23
77
T20170614163037
49
163041800
21
79
T20170614163037
50
163041900
16
84